162
113
116
117
166
199
130
108
149
147
133
150
109
192
129
154
177
152
136
131
213
172
78
151
142
110
120
182
137
96
100
153
153
145
158
86
121
158
146
100
144
128
121
144
138
141
40
57
109
112
75
186
106
177
141
157
121
142
141
144
143
137
201
71
99
190
117
104
1385
392
115
126
138
131
152
154
168
79
127
126
124
109
118
122
124
127
128
95
197
103
141
171
127
150
143
127
136
121
129
146
132
128
138
112
112
46
158
131
80
125
120
124
137
100
125
159
115
98
117
139
121
178
177
132
136
106
85
141
136
149
169
148
154
146
129
105
132
187
162
123
162
121
120
116
198
43
136
140
145
85
210
124
116
152
141
235
148
120
119
106
109
111
157
156
144
144
161
154
118
232
117
141
157
255
116
131
160
91
112
111
113
143
175
182
130
129
168
167
107
146
145
147
148
141
190
117
198
128
150
237
241
119
143
149
130
151
127
150
164
98
133
189
160
111
115
138
108
196
110
113
134
120
146
151
152
135
141
143
145
129
159
148
125
192
137
157
192
176
154
137
134
114
114