129
57
56
78
-93
-479
-448
-73
-239
-32
11
36
-71
-77
229
80
74
25
60
-103
19
-54
-121
-3
95
-484
-85
-118
-712
-300
-1935
-982
150
150
46
55
-316
-1401
-1099
-1010
93
-99
-178
47
-73
-60
-223
-634
22
64
-173
-475
-821
57
81
122
-154
50
181
183
-177
-205
-172
-177
-173
-58
174
25
58
-152
-56
47
-203
-216
-33
-158
-213
-123
-273
28
-83
-97
73
74
-91
25
91
20
19
73
-197
55
-184
-146
105
-114
-240
-625
-655
-93
103
69
68
77
90
-173
107
-96
69
65
77
32
-70
130
-32
-11
23
34
-568
14
68
90
15
-29
-1188
-128
-28
-122
36
-105
-73
77
101
12
-190
105
124
-44
-458
-33
37
-3
57
85
76
-271
-362
55
-15
6
155
44
-9
-268
-744
-39
30
-1025
-381
-234
-121
-320
-624
-843
-314
-187
49
46
-1912
-271
-95
-19
-19
87
64
137
3
-1
-89
-112
-390
-385
-249
-365
-362
24
25
-31
40
-346
71
-49
-85
-124
97
-1260
-972
-554
-203
-200
-304
-112
-108
-508
-616
-612
-39
-39
57
35
35
129
54
59
17
107
-80
89
-178
-292
41
12
-96
-149
-207
108
-80
34
-570
-185
-317
-1401
-945
58
-32
49
-539
73
-425
-920
51
-40
-237
54
134
50
-552
33
-465
108
103
-251
-2
-638
17
-342
778
91
-225
-222
-179
-49
96
-336
-38
-81
51
54
67
-204
69
110
-145
-133
-206
-121
-115
-207
52
-212
-317
-1132
-5559
-864
-119
-153
-438
-167
59
-256
-872
-1206
-444
-151
50
50
-210
-206
-211
-20
92
36
-233
-457
-881
-758
-1354
-1273
-1600
-1978
-1855
-10
88
-113
66
-240
48
36
-173
11
56
144
61
70
-76
-247
-477
59
51
163
53
88
34
49
83
-312
-182
1
50
-33
4
6
85
46
-177
-159
-297
-90
-24
-174
48
-125
-136
-65
-246
-226
225
81
17
18
41
18
103
101
-55
79
61
2
111
-315
-345
-352
8
-31
-94
-175
-93
-3
-415
61
38
38
-59
95
48
55
-379
55
71
-125
-63
44
61
31
-28
-706
-523
-22
-22
76
-245
-284
-510
-268
11
54
82
-267
11
-103
8
144
-359
-376
-422
149
-174
-1198
-1150
-315
99
-817
76
-512
-500
-179
-528
45
-459
-38
-429
141
118
-31
-230
-229
-230
-236
-339
-617
-1441
-1426
-359
-115
-364
-364
-493
-548
-289
-614
-2770
-3919
-4268
-50
-51
-1175
-126
-182
-248
93
-582
-290
-36
76
103
147
142
144
85
65
31
-140
-206
-37
-48
-1087
393
392
288
-743
-370
88
89
88
-54
127
80
67
60
-93
-152
-138
55
88
73
-991
-8
152
49
-111
-92
58
-259
-13
62
26
62
-14
64
-469
-547
-2181
13
59
-93
35
-404
73
71
51
75
81
58
80
-247
-5
54
47
48
52
-40
110
-48
-185
66
-457
-486
-483
-991
109
41
109
94
81
19
-272
-154
76
-101
11
97
37
-7
-30
-36
65
-168
-272
-43
-106
26
218
-128
52
-330
-283
-26
-142
-319
33
-2
86
-1744
-882
-573
-110
78
-370
-432
-434
-252
-277
-459
-695
-706
-552
-545
-423
-365
11
-46
-213
-142
-173
-416
-1511
-1354
-138
-43
-692
-367
-365
-135
-62
2
-732
-8
47
-158
-246
-1544
-1505
-1170
-1204
-91
-516