157
196
172
163
162
153
144
177
121
139
123
127
133
174
139
154
106
139
111
149
140
335
173
177
122
111
139
166
177
182
191
140
101
166
159
89
143
156
154
171
139
116
146
104
139
139
113
148
133
132
128
105
140
114
112
110
123
120
133
145
122
94
105
123
178
147
143
125
278
164
119
108
105
110
227
120
148
117
137
226
166
145
157
238
237
94
183
113
113
171
176
184
197
143
168
117
140
104
144
143
297
149
108
168
154
153
99
156
156
137
161
157
153
189
106
150
140
140
137
130
131
88
191
181
128
115
123
122
122
129
121
121
155
152
152
151
124
149
118
209
154
175
179
68
133
133
139
146
148
157
138
173
100
136
166
182
148
165
151
146
157
132
228
132
139
271
140
126
162
108
116
129
37
189
123
159
241
144
169
168
118
177
159
165
165
204
182
139
116
104
157
140
257
114
173
172
164
134
277
266
136
141
134
133
152
149
203
140
107
210
91
147
98
147
135
136
133
126
192
136
114
93
367
174
125
147
148
161
98
131
130
153
145
199
238
139
173
188
113
112
52
47
167
186
195
149
130
144
131
267
107
118
136
160
97
163
145
171
143
203
205
206
290
158
163
168
14
230
229
159
374
256
292
152
153
134
187
185
150
168
134
133
136
-372
-379
141
149
181
170
165
116
111
144
129
187
139
256
231
167
93
154
89
120
112
189
145
170
156
118
126
110
109
143
134
157
110
155
144
123
140
169
133
132
136
157
159
147
113
120
186
206
82
76
121
201
200
152
135
135
166
176
88
131
106
90
89
111
138
133
133
123
115
121
153
148
160
218
148
144
186
166
166
112
93
142
118
105
181
120
145
155
130
284
200
140
158
170
156
151
149
121
57
119
134
128